den 10 2.500 28698.4 288.449
den 10 2.000 28754.7 175.66
den 10 1.566 353.572 20.1374
den 10 1.444 36296 374.706
den 10 0.800 61464 81.656
den 10 0.000 63090.9 368.736
den 10 0.800 38069 201.491
den 10 1.444 307.988 85.5002
den 10 1.566 29693.9 408.393
den 10 2.000 29851.9 179.296
den 20 2.500 134260 635.81
den 20 2.000 141401 482.914
den 20 1.566 1792.16 6.02647
den 20 1.444 216084 528.645
den 20 0.800 390198 1128.1
den 20 0.000 401662 894.161
den 20 0.800 219034 837.364
den 20 1.444 1686.86 41.7084
den 20 1.566 149715 924.862
den 20 2.000 135404 186.685
den 30 2.500 330392 574.799
den 30 2.000 413364 642.936
den 30 1.566 5040.75 70.9817
den 30 1.444 725558 1064.67
den 30 0.800 1.39598e+06 1230.63
